0.2523451747838408
0.08812504541128874
0.5772811982315034
0.22255426598712802
0.37566019711084664
0.02566390484571457
0.4472812858875841
0.1184600037522614
0.8738137057516724
0.9946342753246427
0.8532027236651629
0.49967672815546393
0.6420009464491159
0.8614561874419451
0.5964697764720768
0.0907501564361155
0.14020979800261557
0.950088276527822
0.9245554457884282
0.8894689562730491
0.5505083699245006
0.1805165521800518
0.5500854735728353
0.2589667965658009
0.9431216625962406
0.8215009802952409
0.15529390866868198
0.8293947107158601
0.4669222899246961
0.060704877600073814
0.02245523571036756
0.5372887724079192
0.8299602644983679
0.8453321186825633
0.6809180665295571
0.38075808389112353
0.5856568452436477
0.6963971555233002
0.7113653940614313
0.7186180767603219
0.9902874475810677
0.44975284952670336
0.09792640875093639
0.1915941252373159
0.4473786160815507
0.12700111605226994
0.7687648774590343
0.5937204719521105
0.8046440596226603
0.3894113814458251
0.21576908486895263
0.27205946622416377
0.01908474904485047
0.27797185257077217
0.3339683373924345
0.8828661148436368
0.955878077307716
0.1926985988393426
0.8713010295759887
0.5823229453526437
0.33668108214624226
0.31432744674384594
0.12935927300713956
0.9799701818265021
0.10297273122705519
0.9215136868879199
0.8057350877206773
0.43295623315498233
0.7100602698046714
0.3066645935177803
0.1185931561049074
0.5092334938235581
0.11737463087774813
0.2435297565534711
0.6040951393079013
0.6978244571946561
0.4906799078453332
0.20967422612011433
0.22730055614374578
0.6942831412889063
0.8818218896631151
0.8169594695791602
0.6971692244987935
0.8394768270663917
0.401640658499673
0.15315714105963707
0.12629026523791254
0.5398131092078984
0.6516722498927265
0.9878206634894013
0.4259626686107367
0.7470372593961656
0.4302643754053861
0.045539623126387596
0.07725242315791547
0.8257249020971358
0.9787312077824026
0.7997019765898585
0.1686512071173638
0.3865950028412044
0.2831722286064178
0.48988907039165497
0.8409616423305124
0.9137681690044701
0.19758013845421374
0.31602847296744585
0.5300341106485575
0.26409526308998466
0.4038628295529634
0.012429619207978249
0.6479801328387111
0.3666813285090029
0.47440442093648016
0.25482726749032736
0.5934873099904507
0.7007298278622329
0.5527903561014682
0.6035577692091465
0.2318608274217695
0.3798321937210858
0.4183215631637722
0.9359931508079171
0.2354165210854262
0.9208276919089258
0.9499426775146276
0.5713580083101988
0.9248505064751953
0.02535859728232026
0.25520932697691023
0.5410542143508792
0.5022103700321168
0.9522456820122898
0.9799194794613868
0.7076184377074242
0.8160929230507463
0.3088090163655579
0.5640338531229645
0.6854374753311276
0.04969351808540523
0.33925908198580146
0.4595103890169412
0.7663463968783617
0.9723319278564304
0.03828319767490029
0.5756777862552553
0.30323450174182653
0.6450797866564244
0.6679522576741874
0.46777309966273606
0.25478408858180046
0.7211145942565054
0.506072782445699
0.034268399933353066
0.8444670373573899
0.7314252823125571
0.9041092819534242
0.7386114962864667
0.5369242038577795
0.996494343271479
0.9828019314445555
0.621005721623078
0.7848526267334819
0.05458152177743614
0.5436045597307384
0.6158537801820785
0.2495255470275879
0.7472340685781091
0.02406794996932149
0.9404906576965004
0.44807024020701647
0.3526485569309443
0.5752934529446065
0.5708305940497667
0.030628660693764687
0.4075092615094036
0.5895819128490984
0.06955311843194067
0.14052589889615774
0.10792809980921447
0.2564029055647552
0.28245314699597657
0.560571450740099
0.43011113605462015
0.974809289444238
0.6685801430139691
0.5986182997003198
0.3613766476046294
0.7004220685921609
0.2797913395334035
0.9155048113316298
0.8821497538592666
0.5551105686463416
0.6553440245334059
0.7485044403001666
0.5895586076658219
0.2774929250590503
0.14715188858099282
0.23340824991464615
0.10325714922510087
0.34238188387826085
0.4413304349873215
0.7783652441576123
0.6440994224976748
0.8273009150288999
0.2916564524639398
0.6926055122166872
0.42629045411013067
0.3541956380940974
0.7305665502790362
0.523171185515821
0.753638694761321
0.6844655605964363
0.27331975591368973
0.802780207246542
0.9605350231286138
0.7954411287792027
0.8809491752181202
0.16194791439920664
0.5882833122741431
0.516431090887636
0.697627715067938
0.008491432294249535
0.4374075585510582
0.052465172950178385
0.828072868520394
0.22754188161343336
0.3865605730097741
0.9738570670597255
0.6706155624706298
0.6051893979310989
0.11865923530422151
0.499712732154876
0.5715580678079277
0.9288859637454152
0.14487131009809673
0.15350900730118155
0.8164459720719606
0.9677310530096292
0.7670788259711117
0.11886753747239709
0.2238792146090418
0.7857650881633162
0.8694430168252438
0.8736490118317306
0.8574871842283756
0.09139570966362953
0.6796958257909864
0.9304927145130932
0.6216928793583065
0.5760818580165505
0.8907829716335982
0.7619263879023492
0.7568911307025701
0.44540066830813885
0.7834835776593536
0.238171408418566
0.4996658863965422
0.5956221772357821
0.24063136312179267
0.155768274795264
0.42367155966348946
0.13891684263944626
0.793562397127971
0.6851474088616669
0.22680343897081912
0.23032087553292513
0.09141441504471004
0.8152702688239515
0.980282160686329
0.39958438463509083
0.43390269740484655
0.12346577504649758
0.10527724423445761
0.8410273334011436
0.2581975113134831
0.4485870483331382
0.592694689752534
0.3645283095538616
0.7205281143542379
0.29561346070840955
0.231753638247028
0.9607711071148515
0.7631383209954947
0.0498229986988008
0.8629770942497998
0.1838741209357977
0.30721863149665296
0.3286599391140044
0.9212217109743506
0.804527553729713
0.46243992331437767
0.04942283732816577
0.7843716379720718
0.4367634356021881
0.8937137050088495
0.04089782806113362
0.6933214312884957
0.09148345608264208
0.7358039326500148
0.2770622386597097
0.2588730261195451
0.8598696086555719
0.6964153887238353
0.06098351487889886
0.8211717719677836
0.17980264779180288
0.2383836235385388
0.7370384591631591
0.17730653029866517
0.38841335847973824
0.9815914591308683
0.7595777814276516
0.4426988346967846
0.5138916382566094
0.7152370556723326
0.19616096233949065
0.06190611352212727
0.5096783917397261
0.6610785403754562
0.9934864290989935
0.2344639750663191
0.3841652376577258
0.8782801989000291
0.5841420437209308
0.27139255520887673
0.9290270283818245
0.9504852292593569
0.6623009038157761
0.6479919275734574
0.9993121819570661
0.3457400582265109
0.20648745587095618
0.7685515761841089
0.5484158266335726
0.08989522024057806
0.07753892103210092
0.7085989306215197
0.8710607578977942
0.6441077988129109
0.7698870333842933
0.45031196367926896
0.7574112080037594
0.12707043043337762
0.14428509073331952
0.3767208515200764
0.5114444280043244
0.27259187097661197
0.22010531788691878
0.04032369633205235
0.03670508228242397
0.7631541246082634
0.3553315424360335
0.4717413114849478
0.4425674555823207
0.8300711351912469
0.39237218303605914
0.5440360691864043
0.8741304725408554
0.2608740401919931
0.5978185501880944
0.15831981063820422
0.5188705297186971
0.2045479870866984
0.47427345952019095
0.26627581869252026
0.9931771401315928
0.41524551226757467
0.7723751575686038
0.995219853008166
0.5618963902816176
0.8251014824490994
0.2811415600590408
0.3913252477068454
0.8940072096884251
0.5867745985742658
0.22475980268791318
0.5466370715294033
0.30755545292049646
0.9763404622208327
0.3439461044035852
0.12550035049207509
0.7069707941263914
0.7971612045075744
0.9900009431876242
0.5560273530427366
0.6658914340659976
0.17535667750053108
0.8096845443360507
0.4022289377171546
0.35862161964178085
0.8875022081192583
0.8490376812405884
0.6824349632952362
0.2933469759300351
0.6111779145430773
0.154272788669914
0.14962876145727932
0.050232650712132454
0.7389945851173252
0.19786038855090737
0.7993206719402224
0.47752927150577307
0.6467211197596043
0.7079358282499015
0.1205856401938945
0.048811715096235275
0.556138533866033
0.7291513313539326
0.8558898775372654
0.3344756895676255
0.38324552471749485
0.9930983609519899
0.2853315838146955
0.7906171288341284
0.2124406003858894
0.9264252954162657
0.30092073255218565
0.31841939967125654
0.2873057711403817
0.8747754166834056
0.7865229186136276
0.29717332124710083
0.6586168033536524
0.37067021103575826
0.0690922683570534
0.04405499715358019
0.8802050359081477
0.5234629823826253
0.45681841229088604
0.9037864599376917
0.3932957591023296
0.8594877780415118
0.12981252023018897
0.4213041281327605
0.48994815605692565
0.19052862701937556
0.8989573989529163
0.30056007578969
0.996221806621179
0.33873409079387784
0.5985466523561627
0.10258111450821161
0.06569475377909839
0.7961021265946329
0.12833790411241353
0.8859106879681349
0.7239581325557083
0.646660263184458
0.4106450828257948
0.24255857896059752
0.05471236142329872
0.3294660891406238
0.7780947696883231
0.43258342891931534
0.16808989620767534
0.07055305363610387
0.5576716086361557
0.5704330699518323
0.34182954649440944
0.06194657972082496
0.8666777790058404
0.06616766937077045
0.9759273545350879
0.715875490102917
0.8862315306905657
0.77469068672508
0.2513890366535634
0.5723037454299629
0.12792978179641068
0.5561126433312893
0.6337089871522039
0.6879074950702488
0.45929977879859507
0.20037270430475473
0.6117008447181433
0.5846224403940141
0.9036648191977292
0.9192430730909109
0.3123046213295311
0.08588651055470109
0.48004903667606413
0.8588411984965205
0.8819953936617821
0.6187028507702053
0.5987462487537414
0.3357747942209244
0.7754185569938272
0.8096481231041253
0.7781778669450432
0.7500446708872914
0.3418766416143626
0.45295111974701285
0.6986648694146425
0.37783038057386875
0.3502926917281002
0.17876668879762292
0.8587388361338526
0.49728367384523153
0.3432752068620175
0.39976997254416347
0.34961704653687775
0.5504547692835331
0.9609096457716078
0.3641959582455456
0.5134666396770626
0.2944764355197549
0.6249014928471297
0.39344934141263366
0.5010828368831426
0.14513088576495647
0.22369588701985776
0.6324097015894949
0.9946062269154936
0.16592448484152555
0.689198813168332
0.89055699063465
0.6109041136223823
0.40579526871442795
0.605724856024608
0.40204233350232244
0.7512409260962158
0.5385782765224576
0.24179651658050716
0.582829141523689
0.9128626913297921
0.00735369510948658
0.6454200909938663
0.11302953818812966
0.7281205693725497
0.12680281605571508
0.693463111994788
0.9225610974244773
0.24675845098681748
0.8466968052089214
0.2357583527918905
0.9082488943822682
0.22698961780406535
0.12964328471571207
0.7245593934785575
0.4604978687129915
0.4509874649811536
0.14621572755277157
0.9699727499391884
0.12766050035133958
0.33041528635658324
0.7405906645581126
0.9119915652554482
0.996224797796458
0.31762012210674584
0.869817703962326
0.5497558636125177
0.6149475988931954
0.8881156689021736
0.9698473634198308
0.4186643667053431
0.5410581841133535
0.10997925256378949
0.45144171454012394
0.2559628726448864
0.8366572023369372
0.06578786321915686
0.7790928399190307
0.745434197364375
0.0934359091334045
0.6427182529587299
0.8360741026699543
0.48181467852555215
0.8138407175429165
0.4564360959921032
0.5287492284551263
0.5455622419249266
0.22680806135758758
0.9243992113042623
0.8332642000168562
0.32860103040002286
0.866194570902735
0.754199847811833
0.7377469642087817
0.5016675952356309
0.4900275613181293
0.36257103201933205
0.7831399515271187
0.2638836500700563
0.16870083333924413
0.9906819781754166
0.15579040814191103
0.2651803873013705
0.6202407865785062
0.5313475609291345
0.5349235404282808
0.8421993569936603
0.1207678453065455
0.3337768504861742
0.14812347199767828
0.45829490828327835
0.5682781967334449
0.5014857102651149
0.7379470132291317
0.4882631932850927
0.5278708417899907
0.44899845705367625
0.39279524330049753
0.7384227334987372
0.33654495840892196
0.7329635836649686
0.44516790471971035
0.3426715487148613
0.5956925773061812
0.42330854409374297
0.8904256103560328
0.9251458484213799
0.6294115702621639
0.5300586011726409
0.029184862971305847
0.17010528570972383
0.7367639509029686
0.2514447367284447
0.2864708872511983
0.18966977368108928
0.31610448798164725
0.058925624238327146
0.41075327433645725
0.3300328643526882
0.18960463115945458
0.8847486639861017
0.5059894388541579
0.3067766900639981
0.7060967492870986
0.9276750807184726
0.5998008884489536
0.8099134673830122
0.45036368118599057
0.8424940838012844
0.7009073058143258
0.9692785635124892
0.6369985989294946
0.3289510898757726
0.548943443223834
0.3209001251962036
0.5169601836241782
0.38571500801481307
0.509783829562366
0.16497027012519538
0.37494811369106174
0.7450095873791724
0.31950028985738754
0.45604284084402025
0.9457238656468689
0.25353382737375796
0.6300772773101926
0.6160827211569995
0.32750182738527656
0.21529645030386746
0.5600100178271532
0.91099171503447
0.7205357239581645
0.9619894365314394
0.7029104670509696
0.28123598801903427
0.5690253558568656
0.16652562213130295
0.2972460798919201
0.7672000711318105
0.9344686497934163
0.6653653590474278
0.5103363925591111
0.9198924272786826
0.17858402198180556
0.8052572377491742
0.03973241709172726
0.8376275801565498
0.28392805391922593
0.5800178723875433
0.4851038483902812
0.7193098056595773
0.3903334806673229
0.07297574845142663
0.19375908374786377
0.07494338578544557
0.375292491633445
0.9707041329238564
0.5329230548813939
0.9839944250416011
0.5564103438518941
0.16366804693825543
0.7918978724628687
0.04222922935150564
0.8440542877651751
0.6994103009346873
0.1672312831506133
0.8876542474608868
0.9223228055052459
0.603901592316106
0.5340179391205311
0.4461825748439878
0.28646016167476773
0.33667966560460627
0.9564584800973535
0.2876520201098174
0.2148412666283548
0.8954025350976735
0.14080142788589
0.7328197339083999
0.0036518522538244724
0.8354407700244337
0.2837928934022784
0.6019584003370255
0.042388960253447294
0.7201338422019035
0.019759096205234528
0.7456789908464998
0.5583067429251969
0.76733553619124
0.41944669652730227
0.7486050806473941
0.107932576444
0.707873421953991
0.2437459398061037
0.4465237276162952
0.14377848664298654
0.12154739000834525
0.905421613715589
0.1476379137020558
0.23437288729473948
0.7662922490853816
0.8419768176972866
0.698545548832044
0.765737630892545
0.6661293862853199
0.25277454499155283
0.7855700373183936
0.2024353719316423
0.9735324897337705
0.4035420771688223
0.11206740676425397
0.2363122426904738
0.8718323337379843
0.9513831911608577
0.3423349994700402
0.401060841511935
0.033285626443102956
0.9934231787919998
0.9527467263396829
0.9807285335846245
0.3984329199884087
0.7922116788104177
0.38073988328687847
0.29029606422409415
0.29237058316357434
0.38100832141935825
0.1122785301413387
0.6564514846540987
0.1435618365649134
0.5020761853083968
0.5984184320550412
0.6766843902878463
0.32081185025162995
0.5811080671846867
0.1415985634084791
0.584825471509248
0.8540319039020687
0.6909105638042092
0.1422841742169112
0.8011563769541681
0.0544176094699651
0.7074709665030241
0.3465864190366119
0.9952148892916739
0.299666196340695
0.11153196822851896
0.9854835483711213
0.23942041350528598
0.4998578589875251
0.13879918307065964
0.946268662577495
0.08164477767422795
0.009626167127862573
0.23190647829324007
0.3668490282725543
0.6148533462546766
0.0022425383795052767
0.9972641188651323
0.2935219572391361
0.8719414458610117
0.5712397734168917
0.11991472449153662
0.292852247832343
0.12389110354706645
0.07519965362735093
0.9395220391452312
0.1582761888857931
0.9093730975873768
0.4913296012673527
0.6406175130978227
0.10205712611787021
0.8739193207584321
0.7934534021187574
0.26022969745099545
0.07321759103797376
0.7467904561199248
0.6200409906450659
0.9660214511677623
0.09207299235276878
0.03366396529600024
0.7479022976476699
0.308059960603714
0.7419918698724359
0.25326738925650716
0.13717016042210162
0.3973445715382695
0.2090077109169215
0.7960819615982473
0.5631972954142839
0.21421743370592594
0.5099073292221874
0.7332415343262255
0.10099233337678015
0.49978195782750845
0.7994208063464612
0.15375181613489985
0.9778199170250446
0.9334540851414204
0.897137995576486
0.8581549231894314
0.5595898611936718
0.5497713694348931
0.42477658833377063
0.4867642424069345
0.4866603754926473
0.5975848715752363
0.19442674308083951
0.41059460723772645
0.22468034946359694
0.2947588665410876
0.7383972767274827
0.9631127859465778
0.5460957002360374
0.18150336295366287
0.12128841853700578
0.8409332823939621
0.7079447826836258
0.025464435108006
0.4249161265324801
0.7515844493173063
0.3415678620804101
0.4816973675042391
0.5467129664029926
0.6364699141122401
0.31985564925707877
0.9606476118788123
0.20223055290989578
0.04715031711384654
0.11766189825721085
0.407264556735754
0.2723685537930578
0.5030703623779118
0.4310050664935261
0.9443731093779206
0.8859552561771125
0.9088561809621751
0.07068403740413487
0.5834280904382467
0.8783046954777092
0.3593080067075789
0.39593290560878813
0.455776440910995
0.516375346807763
0.9102131645195186
0.8037398245651275
0.2675522416830063
0.6311553788837045
0.1431043711490929
0.039454916724935174
0.9313295455649495
0.5478994704317302
0.6020883484743536
0.34431224619038403
0.5776580218225718
0.4548421890940517
0.4308697492815554
0.7054908538702875
0.3996064132079482
0.10101293283514678
0.7880953955464065
0.7243398551363498
0.03343880549073219
0.9637774338480085
0.869143829215318
0.8683925999794155
0.42854870948940516
0.2767308249603957
0.612485175486654
0.1227948956657201
0.40977595560252666
0.5585672685410827
0.4187363185919821
0.3067722918931395
0.3852314008399844
0.5335511479061097
0.4605363900773227
0.5707614284474403
0.9027544483542442
0.5842148212250322
0.41136756958439946
0.8398304453585297
0.008128379471600056
0.1269079379271716
0.6714461981318891
0.2190134555567056
0.608178498223424
0.5508233176078647
0.41880920389667153
0.6261840800289065
0.29187808837741613
0.6111243914347142
0.06372084049507976
0.1680930454749614
0.3125871829688549
0.41679920605383813
0.9345247377641499
0.025194844463840127
0.6845491463318467
0.40386598999612033
0.27306626504287124
0.860888458089903
0.5967700686305761
0.9345552825834602
0.8678102069534361
0.020797141129150987
0.5974059728905559
0.4130936253350228
0.9027787516824901
0.0377122696954757
0.2517828345298767
0.058713815873488784
0.8504347917623818
0.20782625139690936
0.22717441339045763
0.7265167243313044
0.48663553735241294
0.2538794979918748
0.0074628982692956924
0.41680967225693166
0.35578144202008843
0.34084646054543555
0.6908073639497161
0.363546374021098
0.2642854410223663
0.9597857270855457
0.5734450407326221
0.8424934407230467
0.6304875020869076
0.4454791827592999
0.4727503964677453
0.08974844659678638
0.7691394886933267
0.14348523248918355
0.9926770310848951
0.9712345579173416
0.4385853358544409
0.49223108612932265
0.18470738362520933
0.29379672440700233
0.22876153839752078
0.5357691061217338
0.3074352517724037
0.8985244331415743
0.6181429517455399
0.6328222176525742
0.6379061238840222
0.9269260249566287
0.777758905198425
0.3777433813083917
0.537840323522687
0.9005795733537525
0.4504046277143061
0.9990141282323748
0.22786396648734808
0.5048853259067982
0.4831729861907661
0.7509071577806026
0.9728727303445339
0.2175447081681341
0.8414315362460911
0.06393799767829478
0.6316534364596009
0.17239089007489383
0.18236988550052047
0.46973072667606175
0.7738884445279837
0.8991959148552269
0.3162423693574965
0.5659227597061545
0.8176678596064448
0.8300793904345483
0.13343103928491473
0.5367336955387145
0.8906345516443253
0.7131437433417886
0.8254539635963738
0.9948232269380242
0.3678869875147939
0.32396103511564434
0.47804384073242545
0.16006311331875622
0.28976487554609776
0.11553634121082723
0.3644219250418246
0.6408482159022242
0.1126426225528121
0.6973726924043149
0.5168922650627792
0.33357159537263215
0.4958556033670902
0.28426257870160043
0.4048812543042004
0.20588867203332484
0.07788424286991358
0.5054310157429427
0.7975474945269525
0.9793954484630376
0.44492091052234173
0.21465517370961607
0.13908697152510285
0.9773457946721464
0.7449446273967624
0.1919855687301606
0.014858543407171965
0.6530327957589179
0.6504285857081413
0.8776938167866319
0.5364547413773835
0.5644591620657593
0.6228054808452725
0.5290719501208514
0.7238428830169141
0.8109217018354684
0.6818156559020281
0.4407082961406559
0.21270149806514382
0.19713485636748374
0.13286305870860815
0.11886491882614791
0.8650770667009056
0.6405182976741344
0.9555040113627911
0.5505816226359457
0.11148607032373548
0.58727358863689
0.8061937922611833
0.958131518913433
0.10258735483512282
0.4528749056626111
0.8384160306304693
0.6794531547930092
0.99854980641976
0.35259882383979857
0.7933199135586619
0.06518420460633934
0.9742403398267925
0.637718164594844
0.06399020552635193
0.5329217237886041
0.7683571991510689
0.0029849058482795954
0.6864750804379582
0.16933396528474987
0.8546335711143911
0.18102715467102826
0.46069676615297794
0.5207487584557384
0.5632365108467638
0.48928518244065344
0.6543700015172362
0.46284345048479736
0.7304861801676452
0.7451115224976093
0.9930533058941364
0.29006141028366983
0.7050203983671963
0.3146601303014904
0.88945806119591
0.4153800948988646
0.7885295054875314
0.3111896060872823
0.11514040641486645
0.32105567841790617
0.4391865381039679
0.20840548002161086
0.36770094465464354
0.6509692433755845
0.8158977176062763
0.3844665598589927
0.43661726266145706
0.5851995346602052
0.49149825097993016
0.36228034109808505
0.920834262855351
0.8874472759198397
0.41301844408735633
0.7617124796379358
0.7012373078614473
0.2659360484685749
0.43714512744918466
0.2293353269342333
0.6211331775411963
0.9384147326927632
0.019003394525498152
0.8613405276555568
0.07786383852362633
0.5418865119572729
0.882383652497083
0.885240679839626
0.4786780262365937
0.7776894390117377
0.7495389855466783
0.6159850575495511
0.7639856394380331
0.4325535648968071
0.4586778306402266
0.9521143960300833
0.45111994724720716
0.666259630350396
0.04727696580812335
0.9275797393638641
0.9017326086759567
0.7065243197139353
0.6293398109264672
0.08485035062767565
0.7659465046599507
0.341737077338621
0.14472504099830985
0.6849356845486909
0.8063913825899363
0.8521734864916652
0.30867051193490624
0.01994642266072333
0.5552473133429885
0.27031021076254547
0.33963749883696437
0.343819570960477
0.5074209608137608
0.11086649796925485
0.29360024677589536
0.18683262006379664
0.8029796639457345
0.9611972465645522
0.08290583407506347
0.06953176786191761
0.6019683312624693
0.5726626345422119
0.5078293480910361
0.8816992046777159
0.6047341478988528
0.343599310843274
0.8789493734948337
0.4419844609219581
0.4208840951323509
0.3345181492622942
0.05846879305317998
0.0038248172495514154
0.7400002824142575
0.2061535648535937
0.9986059009097517
0.7232797772157937
0.5072380919009447
0.7209893928375095
0.10518082836642861
0.3544046024326235
0.5569321354851127
0.6988863300066441
0.004522282164543867
0.6877879102248698
0.4073350243270397
0.5674359386321157
0.5418195952661335
0.4978783337865025
0.1696139508858323
0.8976662128698081
0.08904509013518691
0.014725244836881757
0.774230083450675
0.5657237076666206
0.49057175451889634
0.18575853877700865
0.9678257731720805
0.43115723016671836
0.22461122972890735
0.24323248234577477
0.7837445735931396
0.672428093617782
0.6085971114225686
0.34295862377621233
0.43930907268077135
0.1702719337772578
0.12663856288418174
0.2899527654517442
0.8629815373569727
0.5795370878186077
0.20716924080625176
0.6166209990624338
0.3045323705300689
0.9801245357375592
0.028916533570736647
0.5291098032612354
0.7313413806259632
0.2476544042583555
0.18331611203029752
0.4874452038202435
0.9639568636193871
0.5344840332400054
0.27149679278954864
0.43508599628694355
0.7540374975651503
0.5017026045825332
0.7639607139863074
0.9435160311404616
0.25780204962939024
0.19272733363322914
0.7010838235728443
0.7875005614478141
0.6081118956208229
0.6891262230928987
0.06256168009713292
0.7166316530201584
0.5383113520219922
0.9392923794221133
0.8839255659841001
0.4387876570690423
0.2609508205205202
0.40059489174745977
0.4482539133168757
0.08113174536265433
0.05451774504035711
0.3856312732677907
0.1312040421180427
0.6442745078820735
0.26130038127303123
0.2532064651604742
0.7274892111308873
0.21522561297751963
0.649509378708899
0.8346634029876441
0.33692598110064864
0.954759530024603
0.34278217516839504
0.7361901456024498
0.1381768905557692
0.12482031458057463
0.770195203833282
0.4077285665553063
0.6283134440891445
0.6715904560405761
0.3399089127779007
0.11910960800014436
0.15632441313937306
0.12984878779388964
0.7895705970004201
0.2340400971006602
0.8286944492720068
0.8642424598801881
0.41660004295408726
0.42256612493656576
0.11517800996080041
0.913097974145785
0.6414829855784774
0.7026379879098386
0.732893596868962
0.9503962818998843
0.6071973778307438
0.45140169165097177
0.6368633066304028
0.13153694407083094
0.7678974727168679
0.7768420174252242
0.19512269413098693
0.8385163538623601
0.6699807178229094
0.8904021510388702
0.8765259482897818
0.5901450219098479
0.3786624623462558
0.3712048742454499
0.02937138034030795
0.6329289239365608
0.253183476626873
0.4625003186520189
0.578972224611789
0.978239910909906
0.023775284178555012
0.7909652821253985
0.7222977518104017
0.9014001816976815
0.37350830622017384
0.14947910769842565
0.9478096948005259
0.16830581822432578
0.4781478187069297
0.23400112497620285
0.9586189868859947
0.5052143831271678
0.20714272186160088
0.47517465404234827
0.3270878125913441
0.07732157991267741
0.9388721222057939
0.3552825718652457
0.9590019709430635
0.9917519756127149
0.1932747270911932
0.8511794412042946
0.6954385512508452
0.09058878594078124
0.5349860517308116
0.8938252020161599
0.6304539213888347
0.5495677229482681
0.45010843873023987
0.9850454253610224
0.9727170285768807
0.048059905180707574
0.14973889011889696
0.36214312980882823
0.5292130126617849
0.5259688303340226
0.50337971188128
0.35098716034553945
0.13914213189855218
0.7931664104107767
0.555356970988214
0.7982021297793835
0.6361390012316406
0.507093069376424
0.3273717649281025
0.7230849226471037
0.16693714307621121
0.28414690331555903
0.8603093037381768
0.5798727616202086
0.9446038505993783
0.9604869030881673
0.6984308045357466
0.7709878364112228
0.7644703635014594
0.26787523948587477
0.26907319854944944
0.3018834951799363
0.8608823562972248
0.440183610888198
0.8609816506505013
0.7181169984396547
0.9328957390971482
0.5161886534187943
0.15439989138394594
0.7152738354634494
0.4170427708886564
0.3542814136017114
0.5060433614999056
0.06236860319040716
0.33529348531737924
0.6247158835176378
0.4420801689848304
0.7293474476318806
0.29633742896839976
0.29502159846015275
0.06224485859274864
0.359317067777738
0.4783107121475041
0.3742052970919758
0.3082099938765168
0.47612528200261295
0.6710933721624315
0.9313666441012174
0.2993405517190695
0.06791815697215497
0.7063020491041243
0.6543530153576285
0.18895612936466932
0.4372986990492791
0.8531029741279781
0.46407834556885064
0.24422596395015717
0.45871210820041597
0.007970270235091448
0.9501310384366661
0.10282176453620195
0.6336825944017619
0.7565145655535161
0.6432959393132478
0.40945335663855076
0.5845267565455288
0.6355069191195071
0.3906153703574091
0.2854121392592788
0.8771685238461941
0.17322305915877223
0.3486142281908542
0.3342473544180393
0.3136806597467512
0.5362329338677227
0.36031414405442774
0.13670016918331385
0.08517782832495868
0.8607605746947229
0.7316617064643651
0.4380205702036619
0.42568622319959104
0.59673927212134
0.6729957463685423
0.48079207073897123
0.6576147589366883
0.4426870639435947
0.9211786848027259
0.1863892301917076
0.7694528249558061
0.6995275360532105
0.30801694304682314
0.138192986138165
0.9163196019362658
0.1214809357188642
0.29059541528113186
0.5696887988597155
0.4839899407234043
0.5921505973674357
0.7091510037425905
0.8105726083740592
0.6070218037348241
0.20392968086525798
0.2881102163810283
0.8939896039664745
0.2816102688666433
0.5688532222993672
0.6459158270154148
0.2780308062210679
0.4637930958997458
0.4390204972587526
0.8292675979901105
0.8846124615520239
0.793632855406031
0.9647126966156065
0.6374020653311163
0.9088632492348552
0.8360006201546639
0.16833091480657458
0.25203638640232384
0.10214430093765259
0.9785862190183252
0.4622794506140053
0.9386012500617653
0.48182703275233507
0.37776005337946117
0.28891942044720054
0.8343878493178636
0.6709537897258997
0.5929114760365337
0.2107176841236651
0.08923391648568213
0.32090630289167166
0.7998887326102704
0.028716083150357008
0.874373820843175
0.3202069588005543
0.7241654654499143
0.7574459915049374
0.02507772878743708
0.742577881552279
0.6843587800394744
0.5344131789170206
0.33270482649095356
0.7373828273266554
0.3867238739039749
0.7922779866494238
0.7517956050578505
0.8155768914148211
0.36125022801570594
0.27185581577941775
0.03782820818014443
0.2342890277504921
0.1799843607004732
0.7040629279799759
0.5812638422939926
0.4331623809412122
0.8482041440438479
0.23893255880102515
0.45350624923594296
0.7255774307996035
0.009069682797417045
0.9498263434506953
0.9304002413991839
0.6978829493746161
0.8523757557850331
0.9909660550765693
0.008894299389794469
0.01975977048277855
0.8680308198090643
0.2364106555469334
0.6824922321829945
0.6188423717394471
0.8348875760566443
0.4786036587320268
0.9911188997793943
0.4227232690900564
0.6855500990059227
0.5146158062852919
0.1110249983612448
0.12146522384136915
0.13778252783231437
0.6982080559246242
0.0003559079486876726
0.6537462621927261
0.23314432031475008
0.7858398822136223
0.3660096025560051
0.3697625072672963
0.17347706924192607
0.15474788984283805
0.96740862284787
0.07401382364332676
0.09586788131855428
0.7212197394110262
0.5228111112955958
0.40109727438539267
0.6767143185716122
0.1371883857063949
0.7337859098333865
0.22763339057564735
0.7055159022565931
0.0932716284878552
0.19347672001458704
0.07345025334507227
0.01901717926375568
0.8063819757662714
0.19428032566793263
0.695150388404727
0.43632735102437437
0.020031819585710764
0.7005638780537993
0.3251854730769992
0.5856414649169892
0.09545892430469394
0.0020462435204535723
0.2595638558268547
0.7631881681736559
0.021697227377444506
0.8134684136603028
0.7473158882930875
0.21502902428619564
0.4227179526351392
0.8361779779661447
0.3848420698195696
0.4823343919124454
0.889766036067158
0.04725265898741782
0.4682690044865012
0.7007608662825078
0.21701686410233378
0.23178790998645127
0.00693817064166069
0.9945552831050009
0.36867832439020276
0.5239735750947148
0.35115250293165445
0.35601028497330844
0.25566316908225417
0.9725846119690686
0.6373057868331671
0.65089645027183
0.6499566906131804
0.3965108769480139
0.5035198656842113
0.6404959845822304
0.814804709982127
0.04595097270794213
0.7789146602153778
0.16086297458969057
0.6788468775339425
0.8348951584193856
0.09963600058108568
0.8499352044891566
0.6323202862404287
0.16052232240326703
0.654766270890832
0.06312253489159048
0.2734583974815905
0.57513601728715
0.5152428662404418
0.8679968442302197
0.6832102793268859
0.8262645576614887
0.24890946224331856
0.2587085326667875
0.05640515731647611
0.030550180235877633
0.7748250970616937
0.9807545884978026
0.7674872777424753
0.9970522664953023
0.6599560659378767
0.6067232170607895
0.19894608343020082
0.9655896278563887
0.31137562822550535
0.7536400321405381
0.9105667020194232
0.27574685332365334
0.7670965269207954
0.5825408098753542
0.9776257467456162
0.7321697196457535
0.03866132069379091
0.970895805163309
0.5761574297212064
0.681774663971737
0.20861552841961384
0.9985106305684894
0.14341498771682382
0.06849731900729239
0.7359885862097144
0.6375286977272481
0.6916524204425514
0.9812051106709987
0.672907616943121
0.7871602212544531
0.10335154132917523
0.46039891825057566
0.7454690122976899
0.04376278514973819
0.48601934080943465
0.5793287970591336
0.5019928272813559
0.8468984717037529
0.914680662099272
0.06514876359142363
0.9817849872633815
0.8919925529044122
0.14019118947908282
0.9757356431800872
0.6075323075056076
0.9502187443431467
0.09149574907496572
0.1977969801519066
0.2544553251937032
0.48623602162115276
0.24995692213997245
0.7818930104840547
0.6993439439684153
0.7144019992556423
0.2238789708353579
0.3799976969603449
0.9026008909568191
0.9840878720860928
0.10135207651183009
0.3012238268274814
0.8264179863035679
0.6347199191804975
0.40954189049080014
0.9513371719513088
0.7422102252021432
0.7111725702416152
0.7585493973456323
0.6716847114730626
0.23043267242610455
0.1801380345132202
0.497966090682894
0.24316191696561873
0.32590516936033964
0.5380974921863526
0.9642494614236057
0.5708441000897437
0.5117698535323143
0.9515188483055681
0.14704379858449101
0.3149068227503449
0.5152064906433225
0.31990604917518795
0.8525713025592268
0.48346036975272
0.10803061909973621
0.9023249612655491
0.6922185108996928
0.2529232839588076
0.36529950704425573
0.398030812619254
0.4744430365972221
0.5315599639434367
0.08505092188715935
0.6218221967574209
0.8281256188638508
0.03180732415057719
0.3222997123375535
0.16474663908593357
0.13549248641356826
0.8670155175495893
0.24041720293462276
0.6807827258016914
0.10273303324356675
0.938227720791474
0.7330184010788798
0.6901237952988595
0.5464378069154918
0.6266239818651229
0.5194820165634155
0.03968819207511842
0.2239818093366921
0.5572541302535683
0.6672282936051488
0.41148108313791454
0.7859781100414693
0.44968474959023297
0.7438796553760767
0.5194328369107097
0.17892677197232842
0.3211852128151804
0.05242916103452444
0.8853389646392316
0.07618408976122737
0.5580777798313648
0.6525417752563953
0.3345266242977232
0.1653771405108273
0.6208767576608807
0.12111345026642084
0.6018726869951934
0.3703886470757425
0.3988417231012136
0.2552130203694105
0.6887983658816665
0.3360371538437903
0.4795698078814894
0.17053190898150206
0.8618654075544327
0.7535775150172412
0.8492520463187248
0.4984666481614113
0.43359884596429765
0.35514669539406896
0.7892187854740769
0.6349592106416821
0.7161613188218325
0.6552798836492002
0.9843991578090936
0.24422015435993671
0.7885039465036243
0.7676219181157649
0.10931961634196341
0.4704595794901252
0.9676187734585255
0.8749590250663459
0.4072665323037654
0.5607508979737759
0.12451777211390436
0.18069586949422956
0.02823785529471934
0.8521524155512452
0.23556340928189456
0.419902918394655
0.14130883594043553
0.3262117262929678
0.8097757750656456
0.2580591165460646
0.08703681104816496
0.1839779196307063
0.08274127426557243
0.15561487479135394
0.08553005126304924
0.14464659988880157
0.11774788028560579
0.5265003708191216
0.2658056712243706
0.42096271831542253
0.20477195153944194
0.26870416244491935
0.03206160222180188
0.5745062176138163
0.1979416103567928
0.9950471133925021
0.032487627351656556
0.703985488973558
0.6821016843896359
0.5422766315750778
0.24624047917313874
0.6696636416018009
0.10910521051846445
0.5866062198765576
0.9542079998645931
0.3070425847545266
0.2944565012585372
0.4438253394328058
0.6091873638797551
0.8329299222677946
0.9149307736661285
0.3821045854128897
0.8711023631040007
0.8970136595889926
0.8977953407447785
0.025621175300329924
0.3228847545105964
0.9820697233080864
0.8422573653515428
0.67712974967435
0.6326446703169495
0.10592729318886995
0.8637631766032428
0.6376034854911268
0.17775509064085782
0.02831694670021534
0.5017741487827152
0.8510705218650401
0.39647537865675986
0.41572661604732275
0.5816441427450627
0.4527706983499229
0.3827388782519847
0.6673903577029705
0.17122350982390344
0.0487576057203114
0.4897295741830021
0.35553493443876505
0.022814658237621188
0.8050709492526948
0.9578728147316724
0.48300920985639095
0.14110418199561536
0.6746042245067656
0.8328650968614966
0.011421355418860912
0.367696552304551
0.3397927056066692
0.6893679138738662
0.36290886998176575
0.12287437147460878
0.6992467460222542
0.9259906655643135
0.8486664118245244
0.695210189325735
0.9764553918503225
0.6471876308787614
0.22735644318163395
0.7196548820938915
0.7786853075958788
0.3976940030697733
0.8465276872739196
0.7347275938373059
0.6842000144533813
0.26512598735280335
0.07016639783978462
0.9594322403427213
0.185924441087991
0.11636996106244624
0.9455054411664605
0.6805255755316466
0.0696797869168222
0.9833856963086873
0.31221619062125683
0.8907618203666061
0.5551136978901923
0.8640486451331526
0.8071082336828113
0.0687388542573899
0.7774507547728717
0.45365628716535866
0.46746189147233963
0.24097096896730363
0.4381882739253342
0.5727235397789627
0.8861185507848859
0.7168131850194186
0.7028624205850065
0.30669223074801266
0.12145380862057209
0.1368621306028217
0.6740096346475184
0.12317963340319693
0.8153584292158484
0.7254584829788655
0.017448368947952986
0.48239106428809464
0.22235211357474327
0.8879159723874182
0.5700061400420964
0.7063215433154255
0.10295508150011301
0.5431019484531134
0.006816891487687826
0.12237151642329991
0.6844424661248922
0.8319945090916008
0.8963136696256697
0.7470016407314688
0.14210652094334364
0.09284119191579521
0.7210416118614376
0.02505163219757378
0.30415163934230804
0.2435442281421274
0.69241624744609
0.3903481757733971
0.5333471866324544
0.9618973589967936
0.43755211075767875
0.6632268980611116
0.9885631445795298
0.3042992146220058
0.8862866670824587
0.5505934024695307
0.7193135684356093
0.6535682554822415
0.936524550896138
0.7641483668703586
0.29643285647034645
0.13648427627049387
0.7260271166451275
0.52240170375444
0.9320098320022225
0.9016814723145217
0.5887723020277917
0.45210078288801014
0.2917046379297972
0.8985180684830993
0.024009803775697947
0.15469771646894515
0.45257344376295805
0.04754751059226692
0.25613656593486667
0.9534807067830116
0.709525965154171
0.9432162193115801
0.21351758064702153
0.5869944563601166
0.18354079592972994
0.47941290657036006
0.0043770014308393
0.8643746406305581
0.43476355262100697
0.03849445446394384
0.21788456896319985
0.5482214430812746
0.5336128314957023
0.13441335665993392
0.6285623493604362
0.9806371529120952
0.29301897808909416
0.6505717223044485
0.13213678495958447
0.21805282519198954
0.6149206692352891
0.06302684242837131
0.9909610575996339
0.690469003515318
0.15414430759847164
0.2896733188536018
0.717132764402777
0.6507355051580817
0.7527912287041545
0.056026755599305034
0.17143190605565906
0.929495268734172
0.34825772047042847
0.9182340127881616
0.7062041875906289
0.7614172643516213
0.3080128552392125
0.3339350230526179
0.43031463166698813
0.6983434662688524
0.3942591343075037
0.42160117044113576
0.9242965043522418
0.8749748880509287
0.8116009449586272
0.29897523182444274
0.9838205534033477
0.14272168022580445
0.040845829993486404
0.141237880801782
0.2196095590479672
0.8373422904405743
0.4120635697618127
0.34952575410716236
0.5919231972657144
0.19599668611772358
0.6200280766934156
0.4704260805156082
0.20773821556940675
0.6893386396113783
0.635167102329433
0.7570728722494096
0.9587489212863147
0.7842720758635551
0.7131447568535805
0.5124696788843721
0.828312982339412
0.9029964825604111
0.4562018411234021
0.6056639037560672
0.9454675405286252
0.5939663827884942
0.12937899120151997
0.8013976828660816
0.7141406373120844
